initial_pose_x: -2.212766
initial_pose_y: -0.212958
initial_pose_a: 1.108425

