initial_pose_x: -0.814255
initial_pose_y: 1.500641
initial_pose_a: 2.091540

